s 7.5 7.5 2.5 7.5 7.5 2.5
g 1.3333333333333 1.3333333333333 2 1.3333333333333 1.3333333333333 2
j 27
1 1
-11.04528463 0 -9.945218954
0 0 0
-9.945218954 0 -8.954715367
1 2
-0.029742478277738023 -0.026864427639707752 0.0
-0.026864427639707752 0.007878871208287277 0.0
0.0 0.0 0.02186360706945075
1 2
-0.04 0 0
0 -0.04 0
0 0 -0.04
1 3
0.00020816331466433393 -0.009260434780175625 0.0
-0.009260434780175625 -0.006810181272265868 0.0
0.0 0.0 0.006602017957601531
1 4
0.003211793393185541 -0.0007812346857581727 0.0
-0.0007812346857581727 -0.006486117525818026 0.0
0.0 0.0 0.0032743241326324856
1 5
0.0019394897022306198 0.006613038769910165 0.0
0.006613038769910165 -0.007321509492097719 0.0
0.0 0.0 0.005382019789867101
1 6
-0.04843107677356655 0.0503310513822518 0.0
0.0503310513822518 0.009686215354713278 0.0
0.0 0.0 0.03874486141885326
1 6
-1 0.860365 0.898635
-0.860365 -1 0.837991
-0.898635 -0.837991 -1 
2 2
-2.761321158 -4.782748542 4.972609477
-4.782748542 -8.283963475 8.61281226
4.972609477 8.61281226 -8.954715367
2 3
0.03786192916257875 -0.01009196186901244 0.0
-0.01009196186901244 -0.076606790581432 0.0
0.0 0.0 0.03874486141885324
2 3
-1 -0.860365 0.898635
0.860365 -1 -0.837991
-0.898635 0.837991 -1 
2 4
0.0019394897022306187 0.0066130387699101624 0.0
0.0066130387699101624 -0.007321509492097715 0.0
0.0 0.0 0.005382019789867098
2 5
-0.004029722976863776 0.00428932966461938 0.0
0.00428932966461938 0.0007553988442312897 0.0
0.0 0.0 0.0032743241326324865
2 6
-0.013203178817766375 0.00013028807846184693 0.0
0.00013028807846184693 0.006601160860164843 0.0
0.0 0.0 0.006602017957601531
3 3
-0.125 0.216506351 0
0.216506351 -0.375 0
0 0 0
3 4
-0.04843107677356651 0.050331051382251794 0.0
0.050331051382251794 0.009686215354713248 0.0
0.0 0.0 0.03874486141885325
3 4
-1 -0.860365 0.898635
0.860365 -1 0.837991
-0.898635 -0.837991 -1 
3 5
-0.013203178817766385 0.0001302880784618464 0.0
0.0001302880784618464 0.006601160860164849 0.0
0.0 0.0 0.006602017957601537
3 6
-0.008161251091427887 -0.007371522216400339 0.0
-0.007371522216400339 0.002161939756579847 0.0
0.0 0.0 0.005999311334848041
4 4
-11.04528463 0 -9.945218954
0 0 0
-9.945218954 0 -8.954715367
4 5
-0.029742478277738005 -0.026864427639707752 0.0
-0.026864427639707752 0.007878871208287267 0.0
0.0 0.0 0.021863607069450747
4 5
-0.04 0 0
0 -0.04 0
0 0 -0.04
4 6
0.00020816331466433385 -0.00926043478017562 0.0
-0.00926043478017562 -0.0068101812722658655 0.0
0.0 0.0 0.006602017957601528
5 5
-2.761321158 -4.782748542 4.972609477
-4.782748542 -8.283963475 8.61281226
4.972609477 8.61281226 -8.954715367
5 6
0.03786192916257875 -0.010091961869012454 0.0
-0.010091961869012454 -0.076606790581432 0.0
0.0 0.0 0.03874486141885324
5 6
-1 0.860365 0.898635
-0.860365 -1 -0.837991
-0.898635 0.837991 -1 
6 6
-0.125 0.216506351 0
0.216506351 -0.375 0
0 0 0
